Run 1, 0% ABV:
distance by laser/running average/ABV

22 22 5.51
24 24 8.26
24 24 8.26
25 24 8.26
23 24 8.26
24 24 8.26
23 23 6.89
23 23 6.89
24 23 6.89
22 23 6.89
22 23 6.89

Run 2, 0% ABV:
23 23 1.38
21 22 0
22 22 0
22 22 0
23 22 0
22 22 0
22 22 0
22 22 0
22 22 0
22 22 0
23 22 0

Run 3, 0% ABV

24 24 12.4
24 23 11.02
22 23 11.02
24 23 11.02
24 24 12.4
22 23 11.02
23 23 11.02
23 23 11.02
21 23 11.02
23 23 11.02
23 23 11.02

run 4, 0%

24 24 9.64
22 23 8.26
23 23 8.26
23 23 8.26
23 23 8.26
24 23 8.26
23 23 8.26
22 23 8.26
23 23 8.26
23 23 8.26
23 23 8.26

Run 5, 0%

23 23 0
23 23 0
24 23 0
24 24 1.38
24 24 1.38
25 24 1.38
23 23 0
22 23 0
24 25 2.75
25 25 2.75
26 25 2.75

run 6, 0%
25 24 0
23 24 0
23 24 0
25 24 0
23 24 0
25 24 0
25 24 0
25 24 0
25 24 0
24 24 0
23 24 0

run 7 0%

23 23 12.4
25 24 13.77
24 24 13.77
24 24 13.77
25 24 13.77
24 24 13.77
23 24 13.77
23 24 13.77
26 24 13.77
23 24 13.77
26 24 13.77

run 8 0%

13 13 17.91
27 15 20.66
26 19 26.17
26 22 30.3
27 26 35.81
25 26 35.81
25 26 35.81
24 25 34.43
24 25 34.43
25 25 34.43
25 25 34.43

run 9 0%

24 24 13.77
22 23 12.4
23 23 12.4
20 23 12.4
23 23 12.4
23 22 11.02
24 23 12.4
23 23 12.4
22 23 12.4
25 24 13.77
23 24 13.77

run 10 0%

24 24 1.38
24 24 1.38
24 23 0
23 23 0
23 23 0
23 23 0
22 23 0
24 23 0
22 23 0
23 23 0
25 24 1.38
